 7,000,000.00 
 12,800,000.00 
 5,000,000.00 
 9,300,000.00 
 9,500,000.00 
 6,000,000.00 
 19,000,000.00 
 12,000,000.00 
 13,500,000.00 
 17,000,000.00 
 4,300,000.00 
 3,800,000.00 
 17,000,000.00 
 12,000,000.00 
 3,000,000.00 
 15,600,000.00 
 10,500,000.00 
 6,200,000.00 
 9,000,000.00 
 7,000,000.00 
 7,600,000.00 
 5,500,000.00 
 10,000,000.00 
 16,500,000.00 
 6,000,000.00 
 10,000,000.00 
 3,000,000.00 
 17,000,000.00 
 8,500,000.00 
 11,700,000.00 
 5,000,000.00 
 11,000,000.00 
 17,500,000.00 
 8,000,000.00 
 11,000,000.00 
 5,000,000.00 
 11,500,000.00 
 4,000,000.00 
 11,000,000.00 
 2,000,000.00 
 10,000,000.00 
 18,500,000.00 
 8,300,000.00 
 17,000,000.00 
 8,500,000.00 
 8,000,000.00 
 7,000,000.00 
 18,000,000.00 
 10,800,000.00 
 4,200,000.00 
 1,500,000.00 
 16,000,000.00 
 7,000,000.00 
 18,000,000.00 
 7,000,000.00 
 10,000,000.00 
 8,000,000.00 
 10,000,000.00 
 14,000,000.00 
 14,000,000.00 
 10,000,000.00 
 7,000,000.00 
 2,600,000.00 
 3,000,000.00 
 4,000,000.00 
 13,700,000.00 
 16,000,000.00 
 4,000,000.00 
 6,000,000.00 
 17,000,000.00 
 2,500,000.00 
 12,000,000.00 
 16,000,000.00 
 6,000,000.00 
 11,000,000.00 
 8,000,000.00 
 11,000,000.00 
 11,000,000.00 
 13,500,000.00 
 6,500,000.00 
 4,000,000.00 
 8,000,000.00 
 6,000,000.00 
 5,000,000.00 
 3,000,000.00 
 6,500,000.00 
 5,700,000.00 
 4,000,000.00 
 4,500,000.00 
 12,000,000.00 
 20,000,000.00 
 7,000,000.00 
 5,000,000.00 
 4,000,000.00 
 14,000,000.00 
 16,000,000.00 
 15,000,000.00 
 12,000,000.00 
 6,500,000.00 
 12,000,000.00 
 3,000,000.00 
 7,000,000.00 
